#LO:5600.0000
#framelen:19
#KIDs
-196490	-75
-189635	-75
-188953	-75
-183617	-75
-180323	-75
-176709	-75
-173933	-75
-121357	-75
-119128	-75
-118991	-75
-118703	-75
-116815	-75
-112746	-75
-108857	-75
-91873	-75
-88417	-75
-88319	-75
-87753	-75
-87552	-75
-84612	-75
-81063	-75
-64406	-75
-58647	-75
-58287	-75
-57528	-75
-56559	-75
-55648	-75
-52255	-75
-37081	-75
-30361	-75
-28243	-75
18541	-75
19151	-77
20961	-75
23742	-75
37341	-75
43568	-75
46515	-75
47940	-75
48557	-75
50607	-75
52458	-82
65839	-82
69714	-75
70419	-82
73019	-75
74587	-75
74938	-75
80276	-75
81510	-75
96206	-75
96760	-75
98874	-75
100599	-75
105282	-75
109022	-75
110912	-75
133175	-75
139632	-75
145692	-75
154775	-75
158692	-78
169653	-78
#blinds
-232027	-75
-224371	-75
-216715	-75
-208959	-75
-201203	-75
-192949	-75
-184695	-75
-176239	-75
-167985	-75
-159831	-75
-151677	-75
-143523	-75
-135371	-75
-126909	-75
-118249	-75
-109435	-75
-100423	-75
-91079	-75
-81737	-75
-72207	-75
-62677	-75
-53287	-75
-43899	-75
-34803	-75
-25709	-75
-16859	-75
17172	-75
26664	-75
36510	-75
46156	-75
56756	-75
67158	-75
77536	-75
87916	-75
97794	-75
107674	-75
117126	-75
126580	-75
135478	-75
144378	-75
153170	-75
161962	-75
171230	-75
180500	-75
189414	-75
198328	-75
206720	-75
215114	-75
223408	-75
231700	-75
