#LO:5600.0000
#framelen:19
#KIDs
-196492	-75
-189636	-75
-188958	-75
-183617	-75
-180330	-75
-176706	-75
-173928	-75
-121358	-75
-119127	-75
-118990	-75
-118701	-75
-116815	-75
-112745	-75
-108856	-75
-91874	-75
-88417	-75
-88319	-75
-87752	-75
-87551	-75
-84611	-75
-81062	-75
-64406	-75
-58647	-75
-58286	-75
-57526	-75
-56558	-75
-55647	-75
-52254	-75
-37081	-75
-30360	-75
-28242	-75
18541	-75
19153	-77
20961	-75
23743	-75
37342	-75
43570	-75
46516	-75
47941	-75
48557	-75
50609	-75
52460	-82
65839	-82
69715	-75
70424	-82
73020	-75
74588	-75
74938	-75
80277	-75
81511	-75
96207	-75
96761	-75
98875	-75
100600	-75
105282	-75
109023	-75
110912	-75
133177	-75
139633	-75
145693	-75
154776	-75
158691	-78
169652	-78
#blinds
-232027	-75
-224371	-75
-216715	-75
-208959	-75
-201203	-75
-192949	-75
-184695	-75
-176239	-75
-167985	-75
-159831	-75
-151677	-75
-143523	-75
-135371	-75
-126909	-75
-118249	-75
-109435	-75
-100423	-75
-91079	-75
-81737	-75
-72207	-75
-62677	-75
-53287	-75
-43899	-75
-34803	-75
-25709	-75
-16859	-75
17172	-75
26664	-75
36510	-75
46156	-75
56756	-75
67158	-75
77536	-75
87916	-75
97794	-75
107674	-75
117126	-75
126580	-75
135478	-75
144378	-75
153170	-75
161962	-75
171230	-75
180500	-75
189414	-75
198328	-75
206720	-75
215114	-75
223408	-75
231700	-75
