#LO:5600.0000
#framelen:19
#KIDs
-196483	-75
-189634	-75
-188948	-75
-183619	-75
-180318	-75
-176712	-75
-173937	-75
-121357	-75
-119128	-75
-118990	-75
-118702	-75
-116816	-75
-112747	-75
-108858	-75
-91874	-75
-88417	-75
-88320	-75
-87753	-75
-87551	-75
-84613	-75
-81064	-75
-64407	-75
-58647	-75
-58287	-75
-57526	-75
-56558	-75
-55651	-75
-52256	-75
-37081	-75
-30360	-75
-28243	-75
18540	-75
19151	-77
20959	-75
23740	-75
37342	-75
43569	-75
46515	-75
47940	-75
48556	-75
50606	-75
52454	-75
65837	-75
69715	-75
70422	-75
73019	-75
74587	-75
74936	-75
80275	-75
81508	-75
96206	-75
96760	-75
98874	-75
100599	-75
105280	-75
109021	-75
110910	-75
133173	-75
139631	-75
145691	-75
154774	-75
158692	-78
169653	-78
#blinds
-232027	-75
-224371	-75
-216715	-75
-208959	-75
-201203	-75
-192949	-75
-184695	-75
-176239	-75
-167985	-75
-159831	-75
-151677	-75
-143523	-75
-135371	-75
-126909	-75
-118249	-75
-109435	-75
-100423	-75
-91079	-75
-81737	-75
-72207	-75
-62677	-75
-53287	-75
-43899	-75
-34803	-75
-25709	-75
-16859	-75
17172	-75
26664	-75
36510	-75
46156	-75
56756	-75
67158	-75
77536	-75
87916	-75
97794	-75
107674	-75
117126	-75
126580	-75
135478	-75
144378	-75
153170	-75
161962	-75
171230	-75
180500	-75
189414	-75
198328	-75
206720	-75
215114	-75
223408	-75
231700	-75
